# Created by Octave 5.2.0, Sun Sep 20 22:01:52 2020 GMT <unknown@DESKTOP-BLO7EFU>
# name: all_theta
# type: matrix
# rows: 10
# columns: 401
 -3.3172945909330909 0 0 9.1570411503327404e-05 -0.00084621288373931073 -0.00092203522051176312 0.0015011305170215005 -0.018342114597608671 -0.0013112778502102967 0.00058964665172031344 0.0004746838503747011 6.7317873094749526e-05 0.00042897924533461885 0.0019173375530518108 0.001615625200597407 0.0043237679496290534 0.0056867117944645164 0.00047918606854042777 -8.1194775470331119e-05 -8.6677246298574225e-08 0 -1.5663783245816241e-08 9.5993715779041192e-06 -0.0011601092683052041 0.009638212800650239 0.011047479803665373 0.0020837745230113261 -0.024550003945715645 -4.1291574866609266e-05 0.0010096882460512821 -0.009321722861191194 -0.0011536422071498032 -0.0048036221142430235 -0.02101452597093505 -0.012148116453328313 -0.038870163893047829 -0.053231050225030004 0.0065582090730381794 0.010097190468597436 0.00031624097513905048 0.00017276245481684941 1.2670628788556096e-07 -0.00029678483329545772 0.00031432280797892863 0.027980847632493564 0.069049715594771827 0.10279485895335749 0.10155308806505807 -0.057959431701336397 -0.089340539529633972 -0.022633848653776007 -0.039738202442404558 -0.0056709073331491777 -0.064588747429088114 -0.17705619701893038 -0.28477319566755877 -0.218571266779405 -0.043738875507852645 0.053851520568541054 0.00074326193497208516 -0.0003754159602318144 6.3862559445331943e-07 0.0014467790012944093 0.0049399119553467834 -0.17776598090161994 -0.6433864205771338 -0.99095728597603894 -1.3383555739789872 -0.7893190118564366 -0.88063732734615729 -0.084960966536868868 0.35668138194571508 -0.11535983314101203 0.0044380321259863548 -0.5428624753486716 -0.73720860344337558 -1.1210805633573446 -1.5411557023977642 -1.4794661542581395 -0.032216680628870217 -0.017733085655383379 1.4127460991657564e-06 0.0072541387069022826 -0.0532374204721872 -0.18241666964449055 -0.50262617600667681 -3.1455451924747595 -2.3863069706084965 0.013225290627220394 1.4592487561620955 2.1735447557940994 -0.0064935826964835344 -0.53183980353236626 0.14726358174382423 -1.0362045925707499 -1.1167850439797979 1.9086824695522395 0.15188681915519869 -1.3706366801857262 -0.2433928645327269 -0.039792815352396982 -1.6393529732067677e-05 -0.016293519147917435 -0.13700036020210749 1.6359781315255759 0.081425235305707708 -0.81299299328067387 -1.5243955301654593 -0.89547265295624401 2.421298384811017 1.5954393621961394 -2.1956135044180409 -1.3431720546173791 -0.10846427627222396 -1.6052669013595775 -1.7041594211213094 4.0805984171193685 0.94407658831872177 -3.3669694390850666 -0.6962580514108655 -0.04651596400763533 -0.00016150688283348704 0.014790149575494085 -0.84608127767833852 -0.36285386205415077 -0.60304144719135211 -1.4532723548570166 -0.61583991802789484 -1.0735006176627129 -0.67144110392009737 -1.2338096597343449 -1.0069395911841759 -0.68544451661353833 -0.17293429758989984 -0.88552721698944936 -1.8903022197506503 -1.9772684541678442 -0.0089252928500291734 -1.8585955234641625 -1.1564927997290624 -0.029743341946257561 -0.0008752484388576603 0.0500569235304257 -1.6575838397853477 -2.8263538440575675 -0.86079446188037778 -1.0908196937707892 0.089189841322088834 -0.83217713404349158 0.82615707840584951 -2.2860636525983473 -2.3262720777076455 -1.2513338409475716 -2.4334802829734428 1.5531983865105705 2.3535453577413756 -0.90569559400412092 0.014274345007209262 0.071411468741984813 -2.6142363669290694 0.0027720217044171183 0.021406820032981756 -0.26448918992511766 -1.2980894447442024 -0.53709833695232345 -1.9215564979250581 -1.4106544128512235 0.17346161900383666 0.084898648566736803 -0.39723555498530178 -2.2121249402430263 -0.44339943368974516 0.71733734498315804 -0.82376059415296554 -2.0634648945773244 0.54940712869259489 -0.095138929704579267 -1.0014769751882422 -1.6375479108969253 -3.0666715568908085 -0.458443819071914 0.044353789658190763 -0.50387409723399301 -0.23605663339915292 -0.74907770607304125 -0.90169914915273819 -0.40584851665447352 -0.24241402652447835 0.20836822146893449 0.48810448777482696 0.46788602434036625 1.0816509530756364 0.66778297859969837 1.0066857479316369 0.72552839639715017 0.19279390197974944 -1.4740083744676973 -0.20791441467002253 -0.24872652582972163 -2.2572109616157339 -0.12955994995696551 0.02918724926202056 -0.27928828201044215 0.78935808383295636 -1.5162169966290606 -2.5304666478440927 0.37665849216284597 -0.4523930188337445 0.55820901684432556 3.0189359105162454 3.0195147935574931 2.1512853168158879 2.4809907828562863 -0.10662494656455043 1.3678124768355042 -0.096949269535311716 0.14153769839459077 -0.29924048354808225 -1.5945391013055292 -1.7337051326036923 0.051966538834555806 0.0084849792987690843 -0.16544030849913435 0.51798273395369887 2.2598889252119001 0.6775746583082275 -0.52921532403162075 -1.0018082221940763 1.958483378649748 1.3674557947188131 0.48416006414866658 -1.0970046385186019 0.18349012128270129 -1.9589625066454812 -1.1889327779585854 0.69335630854678221 0.92750359427542151 0.85785013510566588 -2.8824709316155261 -1.9306541576248823 -0.052370662880926032 0.02261134755280644 -0.19061319370596197 -2.4360056935504621 -2.9675401709152194 -1.5795447961793496 -2.11710590569376 -0.44600885418303809 0.05470970155924991 0.13096316046637471 0.099444168871185956 0.93315991030743251 1.256317916102357 -0.91673330781612816 -0.78662365730800332 -1.3012593509112789 -1.314964323761701 2.31277454750879 0.74903793675713903 -0.93546011279637797 -0.12084181962671081 0.017919357729940057 -0.24822660103688354 -0.91411315269510618 1.6211361027873445 0.67027744389055055 1.9455130569790686 -0.93923277079553991 -1.2901504754187478 1.393432228623791 -1.4248654661000519 -1.3033507269810387 -2.5822922717705326 -1.3889874742042598 1.3352933388641437 1.7247645489270558 -0.87346661377700041 1.2660138458188372 0.32924990701945711 -0.8078989166207633 -0.039813117284734745 0.0025390910871242334 -0.016170165919501718 -0.55270961273888053 -0.65067376832027346 -0.25752321132629863 -0.60718985246021273 -1.0595136163782135 -0.70454906674120799 -2.4124230582326991 -2.1669906972520439 -1.1018024380818872 -2.0226436866311799 -1.4276488185236222 1.9503406808261057 -0.91764648075449518 -0.25482029434975795 2.2913561807761873 -1.2924232108121321 -0.71747144506394178 -0.042861619294777629 -0.00016786645555194588 0.018769932195156144 -0.17143498181410854 -1.3019289167105248 -1.2216031463522645 1.0631469627616836 -0.29998442079045051 -1.5025977568531141 -1.2562888233975524 -0.94232994336796971 -1.338341886760434 -1.7390857458549585 -1.6341516410042141 -1.4727025707002663 -0.66471642593134894 0.57670301743667585 0.10521134950289351 -1.491144817170563 -0.016508375640616559 -0.0086105865376597882 -1.2275070225898413e-05 -0.012366992206190518 0.085876189531227429 0.69614801613865562 -1.0767020204673214 -1.0344984763254168 -1.217600060849799 -0.98245949304149116 -0.46112946345582412 -0.31564224979181976 -0.18013684970541766 -0.3237887408199121 -0.91133853427620437 0.30515162612663321 0.83663020998676119 0.14809681946007516 -0.63633554721879537 -0.4604433083386455 -0.012131896918051109 -0.0071539830123384281 9.1079348622146027e-06 -0.0061395593493724799 0.041909383493689438 0.37709854226094625 -1.0250371955256912 -1.4288008057576282 -0.71580061839547349 0.024137068326956085 -0.00440637106846183 -0.27222629761671296 -0.038519979309647484 -0.11613593980659345 -0.3304662933569612 0.55935781219300218 2.5482291251499527 2.8104700240845579 0.65585861796437472 -0.23590809569249371 -0.013445723506835044 0.00022338896824808006 -3.1866636729500118e-07 0.00077572614475728506 0.0028746304986480876 -0.098261450355359894 -0.38771274465010125 -0.13936041506359981 -0.16410774181796187 0.68470755880512424 0.5197509067679309 -0.13373067153833954 0.2700203046512476 0.036465532414486253 -0.10442170500696622 0.00019315553573224983 0.54591299715473707 1.7973423574538507 0.47194831971780066 -0.047872504307585315 0.00077297012551362195 9.1499268579323169e-05 